image_00100.png 515 44 529 56
image_00101.png 512 44 527 63
image_00102.png 512 47 532 63
image_00103.png 515 51 533 66
image_00104.png 517 57 533 69
image_00105.png 518 61 537 77
image_00106.png 521 65 537 81
image_00107.png 525 76 541 92
image_00108.png 529 84 544 100
image_00109.png 532 92 544 109
image_00110.png 529 101 547 119
image_00111.png 538 115 550 133
image_00112.png 537 126 554 144
image_00113.png 543 137 561 163
image_00114.png 543 149 561 172
image_00115.png 550 166 571 194
image_00116.png 553 188 570 208
image_00117.png 561 204 574 230
image_00118.png 560 220 581 250
image_00119.png 564 243 588 275
image_00120.png 575 268 591 297
image_00121.png 576 287 596 321
image_00122.png 582 313 605 344
image_00123.png 584 339 607 371
image_00124.png 590 368 615 406
image_00125.png 599 398 618 431
image_00126.png
image_00127.png
image_00128.png 618 491 639 510
image_00129.png
image_00130.png
image_00131.png
image_00132.png 636 474 653 498
image_00133.png 635 476 660 495
image_00134.png 642 475 661 496
image_00135.png 646 480 670 498
image_00136.png 651 483 670 500
image_00137.png 654 487 674 503
image_00138.png 635 437 669 478
image_00139.png 617 396 648 436
image_00140.png 595 356 626 398
image_00141.png 587 329 610 365
image_00142.png 574 298 600 337
image_00143.png 564 281 588 312
image_00144.png 552 258 577 291
image_00145.png 543 248 561 274
image_00146.png 537 238 557 262
image_00147.png 527 221 543 246
image_00148.png 519 216 540 241
image_00149.png 512 209 529 224
image_00150.png 508 204 522 219
image_00151.png 498 198 516 216
image_00152.png 489 196 511 214
image_00153.png 487 193 504 207
image_00154.png 484 192 501 209
image_00155.png 479 194 493 208
image_00156.png 474 193 491 218
image_00157.png 469 194 485 210
image_00158.png 465 196 478 218
image_00159.png 460 189 476 208
image_00160.png 457 172 473 192
image_00161.png 457 159 472 179
image_00162.png 452 145 475 168
image_00163.png 451 136 468 155
image_00164.png 450 126 466 143
image_00165.png 447 117 461 134
image_00166.png 445 105 461 124
image_00167.png 437 95 458 118
image_00168.png 440 91 458 111
image_00169.png 437 89 453 109
image_00170.png 433 81 453 99
image_00171.png 434 79 446 95
image_00172.png 430 70 447 92
image_00173.png 428 70 448 92
image_00174.png 428 71 451 87
image_00175.png 423 70 443 89
image_00176.png 421 69 444 88
image_00177.png 421 72 436 89
image_00178.png 420 70 440 91
image_00179.png 419 71 438 92
image_00180.png 419 76 442 97
image_00181.png 417 78 430 95
image_00182.png 411 82 434 102
image_00183.png 406 80 429 111
image_00184.png 407 98 431 112
image_00185.png 408 103 430 123
image_00186.png 411 113 427 128
image_00187.png 406 118 430 139
image_00188.png 401 120 430 148
image_00189.png 408 138 427 165
image_00190.png 399 156 424 170
image_00191.png
image_00192.png 403 182 428 203
image_00193.png 403 197 423 222
image_00194.png 399 214 424 239
image_00195.png 405 235 424 266
image_00196.png 404 258 424 289
image_00197.png 400 274 425 306
image_00198.png 403 299 425 336
image_00199.png 400 329 427 355
image_01700.png
image_01701.png
image_01702.png
image_01703.png
image_01704.png
image_01705.png
image_01706.png
image_01707.png
image_01708.png
image_01709.png
image_01710.png 620 344 795 479
image_01711.png 630 355 879 493
image_01712.png 742 295 1089 458
image_01713.png 928 261 1137 363
image_01714.png 969 245 1184 394
image_01715.png 401 6 516 55
image_01716.png 460 3 587 81
image_01717.png 569 8 696 79
image_01718.png 580 12 683 78
image_01719.png 691 18 830 109
image_01720.png 732 34 841 113
image_01721.png 836 63 921 124
image_01722.png 927 88 997 149
image_01723.png 916 85 1036 182
image_01724.png
image_01725.png
image_01726.png
image_01727.png
image_01728.png
image_01729.png
image_01730.png
image_01731.png
image_01732.png
image_01733.png
image_01734.png
image_01735.png
image_01736.png
image_01737.png
image_01738.png
image_01739.png
image_01740.png
image_01741.png
image_01742.png
image_01743.png
image_01744.png
image_01745.png 666 210 716 271
image_01746.png 647 230 720 286
image_01747.png 596 247 645 298
image_01748.png 573 258 646 305
image_01749.png 520 297 569 336
image_01750.png 493 278 580 375
image_01751.png 494 297 568 392
image_01752.png 422 329 510 411
image_01753.png 413 357 484 412
image_01754.png
image_01755.png
image_01756.png
image_01757.png
image_01758.png
image_01759.png 573 261 634 331
image_01760.png 561 240 679 338
image_01761.png 652 231 732 297
image_01762.png 651 222 755 289
image_01763.png 669 227 756 291
image_01764.png 744 209 809 261
image_01765.png 786 201 836 261
image_01766.png 825 184 901 244
image_01767.png 836 184 937 254
image_01768.png 866 186 964 237
image_01769.png 936 176 989 240
image_01770.png 930 171 1038 241
image_01771.png 1026 190 1116 257
image_01772.png 1027 192 1120 258
image_01773.png
image_01774.png
image_01775.png 1140 223 1185 270
image_01776.png 1181 247 1226 294
image_01777.png 1188 252 1250 312
image_01778.png 1202 276 1268 341
image_01779.png 1206 279 1276 355
image_01780.png 1211 284 1263 357
image_01781.png 1211 284 1263 357
image_01782.png 1235 373 1280 413
image_01783.png 1231 404 1303 466
image_01784.png 1241 413 1300 495
image_01785.png 1236 424 1322 611
image_01786.png 1234 466 1278 552
image_01787.png 1235 496 1278 557
image_01788.png 1221 552 1277 633
image_01789.png 1228 589 1278 666
image_01790.png 1202 669 1269 716
image_01791.png 1172 636 1266 716
image_01792.png 1168 640 1240 711
image_01793.png 1086 574 1195 676
image_01794.png 1081 588 1155 653
image_01795.png 1011 538 1104 624
image_01796.png 973 521 1105 619
image_01797.png 911 496 1062 591
image_01798.png 908 486 1013 565
image_01799.png 873 476 959 543
image_01900.png 743 268 758 290
image_01901.png 735 267 758 287
image_01902.png 737 260 755 285
image_01903.png 729 255 751 278
image_01904.png 731 261 749 279
image_01905.png 728 259 741 281
image_01906.png 722 260 746 287
image_01907.png 719 262 740 285
image_01908.png 717 267 736 290
image_01909.png 711 273 728 293
image_01910.png 708 271 730 297
image_01911.png 705 274 728 304
image_01912.png 703 286 734 316
image_01913.png 702 293 720 326
image_01914.png 684 277 715 306
image_01915.png 679 255 704 280
image_01916.png 673 239 705 286
image_01917.png 667 238 694 262
image_01918.png 667 239 686 256
image_01919.png 661 231 677 243
image_01920.png 643 218 661 235
image_01921.png 633 212 654 228
image_01922.png 629 214 653 232
image_01923.png 629 216 645 226
image_01924.png 616 211 631 227
image_01925.png 609 213 630 232
image_01926.png 601 216 616 234
image_01927.png
image_01928.png
image_01929.png
image_01930.png 594 160 610 180
image_01931.png 592 137 608 164
image_01932.png 596 139 614 154
image_01933.png 593 117 602 135
image_01934.png 587 103 611 127
image_01935.png 586 94 602 120
image_01936.png 586 95 598 108
image_01937.png 584 88 601 106
image_01938.png 581 78 592 95
image_01939.png 582 77 595 89
image_01940.png 577 70 594 88
image_01941.png 575 69 590 84
image_01942.png 574 67 586 82
image_01943.png 572 62 587 79
image_01944.png 582 76 582 76
image_01945.png 564 59 586 77
image_01946.png 566 60 578 76
image_01947.png 562 62 580 77
image_01948.png 560 62 579 78
image_01949.png 562 62 576 78
image_01950.png 555 55 574 74
image_01951.png 554 53 574 71
image_01952.png
image_01953.png
image_01954.png 545 48 566 65
image_01955.png 536 42 555 61
image_01956.png
image_01957.png
image_01958.png
image_01959.png
image_01960.png
image_01961.png 517 59 537 77
image_01962.png 516 66 535 83
image_01963.png 511 72 527 94
image_01964.png 505 81 526 98
image_01965.png 505 83 524 101
image_01966.png 499 92 521 114
image_01967.png 497 103 518 129
image_01968.png 488 118 512 141
image_01969.png 486 135 506 155
image_01970.png 478 146 505 182
image_01971.png 473 166 493 201
image_01972.png 478 171 500 202
image_01973.png 469 196 490 225
image_01974.png 465 217 488 248
image_01975.png 461 242 487 289
image_01976.png 455 272 483 310
image_01977.png 450 303 474 342
image_01978.png 451 302 474 342
image_01979.png 439 331 472 381
image_01980.png 444 377 472 415
image_01981.png 433 406 462 450
image_01982.png 435 454 463 503
image_01983.png 433 450 456 499
image_01984.png 431 502 459 537
image_01985.png 420 504 447 535
image_01986.png 414 497 439 528
image_01987.png 413 502 442 536
image_01988.png 405 494 431 532
image_01989.png 395 492 425 531
image_01990.png 394 497 420 527
image_01991.png
image_01992.png
image_01993.png 444 369 484 434
image_01994.png 462 328 500 392
image_01995.png 458 334 489 372
image_01996.png 477 298 511 344
image_01997.png 501 265 522 311
image_01998.png 513 248 542 274
image_01999.png 523 224 554 262
image_03000.png
image_03001.png
image_03002.png
image_03003.png
image_03004.png
image_03005.png
image_03006.png
image_03007.png 245 250 268 270
image_03008.png 240 240 283 270
image_03009.png 249 240 302 271
image_03010.png 265 243 296 272
image_03011.png 255 240 296 273
image_03012.png 259 243 291 271
image_03013.png 294 244 321 272
image_03014.png 306 257 339 283
image_03015.png 310 253 330 274
image_03016.png
image_03017.png
image_03018.png
image_03019.png
image_03020.png
image_03021.png
image_03022.png
image_03023.png
image_03024.png
image_03025.png
image_03026.png
image_03027.png
image_03028.png
image_03029.png
image_03030.png
image_03031.png
image_03032.png
image_03033.png
image_03034.png
image_03035.png
image_03036.png
image_03037.png
image_03038.png
image_03039.png
image_03040.png
image_03041.png
image_03042.png
image_05000.png 570 231 596 259
image_05001.png 576 230 590 246
image_05002.png 575 226 593 251
image_05003.png 571 225 600 248
image_05004.png 576 224 594 246
image_05005.png 580 228 594 255
image_05006.png 571 222 600 253
image_05007.png 577 233 607 264
image_05008.png 575 234 602 261
image_05009.png 576 244 602 260
image_05010.png 575 243 604 268
image_05011.png 575 244 607 275
image_05012.png 575 229 613 270
image_05013.png 582 225 604 253
image_05014.png 576 214 602 246
image_05015.png 578 211 604 247
image_05016.png 582 202 613 235
image_05017.png 584 200 604 225
image_05018.png 579 197 608 224
image_05019.png 581 195 610 223
image_05020.png 576 190 602 227
image_05021.png 584 191 606 223
image_05022.png 581 186 608 214
image_05023.png 582 186 602 217
image_05024.png 585 184 611 210
image_05025.png 593 183 640 218
image_05026.png 602 185 631 216
image_05027.png
image_05028.png 638 196 667 227
image_05029.png 654 201 679 231
image_05030.png 663 207 698 238
image_05031.png 678 215 711 251
image_05032.png 689 228 740 267
image_05033.png 708 240 734 267
image_05034.png 725 254 752 278
image_05035.png 738 258 771 298
image_05036.png 746 267 789 320
image_05037.png 763 287 801 318
image_05038.png 766 275 794 315
image_05039.png 766 278 789 302
image_05040.png 753 259 783 291
image_05041.png 747 242 772 272
image_05042.png 733 227 770 276
image_05043.png 727 219 760 255
image_05044.png 720 207 756 253
image_05045.png 710 202 741 234
image_05046.png 707 198 736 229
image_05047.png
image_05048.png
image_05049.png
image_05050.png
image_05051.png
image_05052.png
image_05053.png 664 180 686 206
image_05054.png 657 184 679 213
image_05055.png
image_05056.png
image_05057.png
image_05058.png
image_05059.png 639 205 660 218
image_05060.png 628 206 660 229
image_05061.png 622 206 655 232
image_05062.png 616 214 651 247
image_05063.png 612 224 639 244
image_05064.png 605 224 633 256
image_05065.png 601 244 629 268
image_05066.png 600 244 626 278
image_05067.png 594 272 611 286
image_05068.png 587 267 614 295
image_05069.png 573 283 610 314
image_05070.png 567 286 593 321
image_05071.png 566 311 590 343
image_05072.png 553 325 587 356
image_05073.png 553 334 585 391
image_05074.png 552 350 575 375
image_05075.png 551 370 574 406
image_05076.png 562 353 585 390
image_05077.png 577 337 594 360
image_05078.png
image_05079.png 609 306 633 330
image_05080.png 606 307 633 329
image_05081.png 619 294 647 319
image_05082.png 632 278 664 306
image_05083.png 656 271 680 291
image_05084.png 661 266 681 302
image_05085.png
image_05086.png 684 247 725 269
image_05087.png 684 247 725 269
image_05088.png 684 247 725 269
image_05089.png 727 233 744 256
image_05090.png 736 230 755 245
image_05091.png 746 225 768 246
image_05092.png
image_05093.png
image_05094.png 769 225 792 247
image_05095.png 786 224 807 246
image_05096.png 795 229 819 247
image_05097.png 799 227 833 252
image_05098.png 808 229 847 255
image_05099.png 819 238 846 255
image_05100.png 831 239 855 257
image_05101.png 847 243 862 267
image_05102.png 846 245 881 276
image_05103.png 854 254 884 278
image_05104.png 858 259 895 289
image_05105.png 874 267 901 287
image_05106.png 885 273 905 300
image_05107.png 886 259 913 281
image_05108.png 900 249 917 275
image_05109.png 901 239 922 267
image_05110.png 905 245 924 266
image_05111.png 909 237 930 255
image_05112.png 914 225 933 247
image_05113.png 916 221 942 246
image_05114.png 920 206 952 243
image_05115.png 924 219 959 240
image_05116.png 933 212 962 236
image_05117.png 935 209 960 228
image_05118.png 944 208 968 236
image_05119.png 945 206 972 238
image_05120.png 929 202 977 229
image_05121.png
image_05122.png
image_05123.png
image_05124.png
image_05125.png
image_05126.png 839 163 862 192
image_05127.png 816 166 859 188
image_05128.png 794 159 850 196
image_05129.png 784 163 834 192
image_05130.png 778 166 818 189
image_05131.png 768 173 792 192
image_05132.png 753 172 805 190
image_05133.png 726 167 787 193
image_05134.png 715 178 763 200
image_05135.png 692 180 762 202
image_05136.png 664 177 735 217
image_05137.png 670 188 716 214
image_05138.png 663 190 704 219
image_05139.png 640 203 676 221
image_05140.png 622 208 672 239
image_05141.png 606 215 643 240
image_05142.png 610 226 635 249
image_05143.png 585 239 611 255
image_05144.png 565 247 605 275
image_05145.png 548 251 601 281
image_05146.png 549 258 579 280
image_05147.png 536 275 567 302
image_05148.png 512 294 544 315
image_05149.png 493 308 529 337
image_05150.png 474 324 506 353
image_05151.png 483 329 501 352
image_05152.png 428 356 470 396
image_05153.png 417 370 475 413
image_05154.png 427 386 450 416
image_05155.png 398 404 432 442
image_05156.png 401 403 425 430
image_05157.png 394 395 419 433
image_05158.png 382 391 414 419
image_05159.png 378 376 409 410
image_05160.png 381 379 396 400
image_05161.png 368 369 392 398
image_05162.png
image_05163.png 350 359 379 385
image_05164.png 349 354 376 378
image_05165.png 337 355 373 375
image_05166.png 328 346 364 376
image_05167.png 330 349 360 377
image_05168.png 336 337 358 368
image_05169.png 338 319 358 353
image_05170.png 335 301 366 350
image_05171.png 342 293 384 339
image_05172.png 351 300 371 321
image_05173.png 354 280 374 311
image_05174.png 358 280 378 304
image_05175.png 365 270 382 289
image_05176.png 363 263 385 289
image_05177.png 370 261 395 285
image_05178.png 372 258 391 281
image_05179.png 378 255 390 273
image_05180.png 381 255 406 275
image_05181.png 379 250 404 268
image_05182.png 380 243 405 267
image_05183.png 379 249 407 271
image_05184.png 387 247 403 266
image_05185.png 392 251 415 272
image_05186.png 394 251 420 278
image_05187.png 396 249 420 285
image_05188.png
image_05189.png 403 268 432 297
image_05190.png 401 270 430 293
image_05191.png 403 272 429 295
image_05192.png
image_05193.png
image_05194.png
image_05195.png
image_05196.png
image_05197.png
image_05198.png
image_05199.png
image_07000.png 367 392 396 423
image_07001.png 361 405 386 431
image_07002.png 355 412 384 438
image_07003.png 341 417 379 452
image_07004.png 339 427 368 454
image_07005.png 325 435 365 463
image_07006.png 311 447 351 478
image_07007.png 306 456 351 484
image_07008.png 303 446 342 488
image_07009.png 300 449 324 470
image_07010.png 289 443 324 469
image_07011.png 275 435 311 474
image_07012.png 276 442 298 468
image_07013.png 260 441 302 462
image_07014.png 255 443 280 459
image_07015.png 246 437 273 468
image_07016.png 233 443 263 471
image_07017.png 235 453 254 476
image_07018.png 219 455 244 479
image_07019.png 211 455 232 487
image_07020.png 198 466 226 494
image_07021.png 191 475 212 513
image_07022.png 179 486 205 517
image_07023.png 171 496 199 527
image_07024.png 161 505 201 530
image_07025.png 148 500 190 526
image_07026.png 142 497 176 530
image_07027.png 132 495 171 524
image_07028.png 124 490 154 513
image_07029.png 104 495 143 525
image_07030.png 97 497 140 520
image_07031.png 80 495 122 525
image_07032.png 83 500 111 527
image_07033.png 63 508 107 534
image_07034.png 60 512 94 542
image_07035.png 51 521 77 547
image_07036.png 32 528 72 556
image_07037.png 22 531 47 573
image_07038.png 10 537 37 577
image_07039.png 5 539 18 583
image_07040.png
image_07041.png
image_07042.png
image_07043.png
image_07044.png
image_07045.png
image_07046.png
image_07047.png
image_07048.png 589 363 623 392
image_07049.png 588 371 616 407
image_07050.png 592 385 623 428
image_07051.png 585 384 620 423
image_07052.png 594 382 619 418
image_07053.png 593 354 625 414
image_07054.png 580 357 618 386
image_07055.png 593 357 622 394
image_07056.png 581 367 621 395
image_07057.png 568 360 604 402
image_07058.png 560 365 593 402
image_07059.png 549 371 572 402
image_07060.png 536 374 565 411
image_07061.png 527 384 558 416
image_07062.png 517 393 543 424
image_07063.png 502 400 530 428
image_07064.png 493 411 529 444
image_07065.png 487 405 520 441
image_07066.png 483 407 508 431
image_07067.png 473 401 505 433
image_07068.png 467 396 500 429
image_07069.png 468 402 501 434
image_07070.png 457 401 499 430
image_07071.png 453 403 488 428
image_07072.png 447 406 488 427
image_07073.png 445 402 476 434
image_07074.png 438 409 468 433
image_07075.png 430 411 459 434
image_07076.png 426 422 456 445
image_07077.png 424 428 448 451
image_07078.png 413 430 440 465
image_07079.png 406 438 441 469
image_07080.png 404 435 430 464
image_07081.png
image_07082.png
image_07083.png
image_07084.png
image_07085.png
image_07086.png
image_07087.png
image_07088.png 329 233 378 304
image_07089.png 344 218 385 280
image_07090.png 349 206 383 253
image_07091.png 355 198 386 235
image_07092.png 370 190 415 216
image_07093.png 371 162 409 220
image_07094.png 379 150 413 198
image_07095.png 387 153 410 187
image_07096.png 388 144 415 180
image_07097.png 402 135 420 163
image_07098.png 413 135 424 161
image_07099.png
image_07100.png
image_07101.png 416 112 439 139
image_07102.png 422 111 449 145
image_07103.png 431 116 455 142
image_07104.png 423 107 450 131
image_07105.png 438 109 457 132
image_07106.png 440 112 453 125
image_07107.png 438 106 469 133
image_07108.png 443 110 464 127
image_07109.png 448 105 470 131
image_07110.png 454 112 463 125
image_07111.png 447 107 471 134
image_07112.png 454 110 475 133
image_07113.png 460 114 477 137
image_07114.png 462 119 484 142
image_07115.png 466 119 482 142
image_07116.png 459 121 490 150
image_07117.png
image_07118.png
image_07119.png
image_07120.png
image_07121.png 471 145 493 161
image_07122.png 468 127 497 148
image_07123.png 470 127 497 152
image_07124.png
image_07125.png
image_07126.png 472 104 498 131
image_07127.png 475 101 490 120
image_07128.png 484 106 494 119
image_07129.png
image_07130.png
image_07131.png
image_07132.png
image_07133.png
image_07134.png
image_07135.png
image_07136.png
image_07137.png
image_07138.png
image_07139.png
image_07140.png
image_07141.png
image_07142.png
image_07143.png 530 96 564 127
image_07144.png 542 105 566 134
image_07145.png 546 110 575 146
image_07146.png 545 118 581 149
image_07147.png 567 145 593 170
image_07148.png 576 147 603 182
image_07149.png 589 155 614 193
image_07150.png 586 162 611 195
image_07151.png 596 180 628 223
image_07152.png 607 195 634 232
image_07153.png 616 203 648 255
image_07154.png 637 234 657 279
image_07155.png 639 253 664 301
image_07156.png 647 272 673 326
image_07157.png 665 300 685 350
image_07158.png 670 313 699 372
image_07159.png 683 344 710 401
image_07160.png 694 367 722 429
image_07161.png 698 394 730 442
image_07162.png 710 415 737 448
image_07163.png 722 420 747 446
image_07164.png 725 415 765 449
image_07165.png 735 416 764 448
image_07166.png 749 412 771 456
image_07167.png 767 422 783 466
image_07168.png 760 419 802 464
image_07169.png 779 443 818 474
image_07170.png 791 450 829 478
image_07171.png 791 447 839 494
image_07172.png 817 465 849 505
image_07173.png 817 475 864 498
image_07174.png 768 419 862 500
image_07175.png 811 422 850 464
image_07176.png 801 345 828 397
image_07177.png 790 314 821 394
image_07178.png 784 300 816 359
image_07179.png 776 276 823 345
image_07180.png 774 256 802 314
image_07181.png 773 247 810 309
image_07182.png 767 237 796 274
image_07183.png 761 226 788 256
image_07184.png 761 210 793 249
image_07185.png 759 205 782 234
image_07186.png 754 196 778 225
image_07187.png 752 194 778 216
image_07188.png 747 187 773 211
image_07189.png 752 189 772 208
image_07190.png 746 183 770 208
image_07191.png 746 178 768 203
image_07192.png 741 180 764 202
image_07193.png 745 179 764 199
image_07194.png 740 183 762 198
image_07195.png 741 181 764 205
image_07196.png 746 186 763 202
image_07197.png 738 186 760 211
image_07198.png 738 189 765 214
image_07199.png 734 175 763 207
image_02700.png 644 227 691 258
image_02701.png 664 240 694 264
image_02702.png 662 235 707 273
image_02703.png 673 253 704 279
image_02704.png 680 255 713 289
image_02705.png 678 266 713 307
image_02706.png 680 275 715 309
image_02707.png 682 276 716 322
image_02708.png 672 297 718 332
image_02709.png 676 309 712 334
image_02710.png 677 302 711 335
image_02711.png 667 294 697 328
image_02712.png 646 275 686 314
image_02713.png 629 253 655 292
image_02714.png 603 238 642 282
image_02715.png 586 226 637 274
image_02716.png 577 220 626 258
image_02717.png 545 213 598 250
image_02718.png 546 214 576 242
image_02719.png 531 202 561 240
image_02720.png 517 199 552 236
image_02721.png 517 203 547 241
image_02722.png 506 204 551 236
image_02723.png 515 204 540 236
image_02724.png 509 203 548 235
image_02725.png 520 205 554 241
image_02726.png 523 214 557 244
image_02727.png 533 217 563 243
image_02728.png 537 221 568 248
image_02729.png 537 224 573 249
image_02730.png 550 227 583 251
image_02731.png 565 229 586 251
image_02732.png 572 229 598 256
image_02733.png 577 231 605 255
image_02734.png 588 232 617 255
image_02735.png 585 229 616 250
image_02736.png 593 224 618 255
image_02737.png 600 229 627 255
image_02738.png 605 228 633 255
image_02739.png 611 231 636 258
image_02740.png 614 231 643 263
image_02741.png 620 231 649 265
image_02742.png 619 237 646 263
image_02743.png 622 237 651 266
image_02744.png 622 245 644 278
image_02745.png 617 257 647 282
image_02746.png 616 265 647 308
image_02747.png 614 267 643 307
image_02748.png 624 247 646 279
image_02749.png 634 214 657 242
image_02750.png 635 186 663 219
image_02751.png 640 164 670 202
image_02752.png 647 151 669 195
image_02753.png 650 145 676 179
image_02754.png 656 145 679 174
image_02755.png 654 134 693 159
image_02756.png 660 124 688 166
image_02757.png 659 131 690 163
image_02758.png 665 129 685 161
image_02759.png 661 131 684 163
image_02760.png 650 140 681 170
image_02761.png 654 153 689 184
image_02762.png 645 147 674 183
image_02763.png 644 161 677 199
image_02764.png 637 174 662 208
image_02765.png 625 189 650 225
image_02766.png 626 203 647 231
image_02767.png 613 215 640 255
image_02768.png 588 243 621 275
image_02769.png 579 264 612 299
image_02770.png
image_02771.png
image_02772.png
image_02773.png 605 194 634 217
image_02774.png 613 171 639 200
image_02775.png 598 143 639 202
image_02776.png 602 149 634 184
image_02777.png 602 144 634 179
image_02778.png 590 142 619 169
image_02779.png 580 131 614 161
image_02780.png 563 135 595 164
image_02781.png 551 130 594 159
image_02782.png 536 124 591 172
image_02783.png 534 133 566 160
image_02784.png 522 135 543 167
image_02785.png 509 147 543 173
image_02786.png
image_02787.png 499 157 522 180
image_02788.png 500 151 520 180
image_02789.png
image_02790.png 502 167 527 192
image_02791.png 504 167 529 191
image_02792.png 507 166 532 191
image_02793.png 515 161 538 194
image_02794.png 514 160 550 182
image_02795.png 516 161 555 190
image_02796.png 519 158 549 189
image_02797.png
image_02798.png 536 156 564 190
image_02799.png 535 153 561 184
image_06000.png
image_06001.png
image_06002.png 387 236 414 267
image_06003.png 388 230 418 259
image_06004.png 388 225 409 249
image_06005.png 389 222 412 248
image_06006.png 382 203 406 237
image_06007.png 384 204 406 236
image_06008.png 385 198 404 233
image_06009.png 382 204 404 226
image_06010.png
image_06011.png
image_06012.png
image_06013.png 377 200 393 217
image_06014.png 371 199 388 215
image_06015.png 372 204 391 220
image_06016.png 371 204 390 223
image_06017.png 368 207 390 225
image_06018.png 362 210 389 226
image_06019.png 358 211 389 232
image_06020.png 361 217 389 249
image_06021.png 353 220 386 244
image_06022.png 356 234 383 255
image_06023.png 351 237 385 264
image_06024.png
image_06025.png
image_06026.png
image_06027.png 347 277 369 303
image_06028.png 348 295 368 324
image_06029.png 349 306 379 325
image_06030.png 336 285 397 321
image_06031.png 367 293 394 309
image_06032.png 397 275 438 302
image_06033.png 414 257 449 286
image_06034.png
image_06035.png 461 244 502 268
image_06036.png 479 234 512 263
image_06037.png 478 237 507 260
image_06038.png
image_06039.png
image_06040.png 543 221 577 247
image_06041.png 560 221 599 246
image_06042.png 577 218 610 244
image_06043.png 582 217 638 250
image_06044.png 602 216 660 254
image_06045.png 618 213 652 248
image_06046.png 641 215 665 257
image_06047.png 651 222 687 250
image_06048.png 650 223 705 257
image_06049.png 672 231 718 259
image_06050.png
image_06051.png 701 235 736 267
image_06052.png 708 237 751 269
image_06053.png
image_06054.png 751 244 774 270
image_06055.png 743 235 787 278
image_06056.png 754 228 798 255
image_06057.png 767 222 793 251
image_06058.png 778 208 809 246
image_06059.png 785 209 812 235
image_06060.png 789 203 821 232
image_06061.png 789 196 831 229
image_06062.png 805 196 839 226
image_06063.png 811 198 844 224
image_06064.png 811 204 845 226
image_06065.png 800 203 835 225
image_06066.png
image_06067.png
image_06068.png
image_06069.png
image_06070.png 801 224 830 255
image_06071.png 799 232 828 261
image_06072.png 794 232 827 261
image_06073.png 800 240 831 272
image_06074.png
image_06075.png 796 266 829 292
image_06076.png 793 279 820 308
image_06077.png 792 292 817 319
image_06078.png 789 301 828 340
image_06079.png 785 317 817 353
image_06080.png 782 328 817 374
image_06081.png 787 354 811 377
image_06082.png 782 368 813 403
image_06083.png 781 393 812 420
image_06084.png 779 420 807 453
image_06085.png 773 412 818 471
image_06086.png 759 436 804 503
image_06087.png 772 480 804 509
image_06088.png 765 479 801 502
image_06089.png 772 474 799 510
image_06090.png 761 470 795 504
image_06091.png 756 481 798 510
image_06092.png 761 480 792 510
image_06093.png 760 483 785 513
image_06094.png 753 491 788 515
image_06095.png 753 490 790 528
image_06096.png 761 441 798 477
image_06097.png 775 392 816 442
image_06098.png 776 344 845 447
image_06099.png 794 348 829 404
